c color constraints
im 1 -> ( 441 & 461 ) 
im 2 -> ( 441 & 462 ) 
im 3 -> ( 441 & 463 ) 
im 4 -> ( 441 & 464 ) 
im 5 -> ( 441 & 465 ) 
im 6 -> ( 441 & 466 ) 
im 7 -> ( 441 & 467 ) 
im 8 -> ( 441 & 468 ) 
im 9 -> ( 441 & 469 ) 
im 10 -> ( 441 & 470 ) 
im 11 -> ( 441 & 471 ) 
im 12 -> ( 441 & 472 ) 
im 13 -> ( 441 & 473 ) 
im 14 -> ( 441 & 474 ) 
im 15 -> ( 441 & 475 ) 
im 16 -> ( 441 & 476 ) 
im 17 -> ( 441 & 477 ) 
im 18 -> ( 441 & 478 ) 
im 19 -> ( 441 & 479 ) 
im 20 -> ( 441 & 480 ) 
im 21 -> ( 441 & 481 ) 
im 22 -> ( 441 & 482 ) 
im 23 -> ( 442 & 461 ) 
im 24 -> ( 442 & 462 ) 
im 25 -> ( 442 & 463 ) 
im 26 -> ( 442 & 464 ) 
im 27 -> ( 442 & 465 ) 
im 28 -> ( 442 & 466 ) 
im 29 -> ( 442 & 467 ) 
im 30 -> ( 442 & 468 ) 
im 31 -> ( 442 & 469 ) 
im 32 -> ( 442 & 470 ) 
im 33 -> ( 442 & 471 ) 
im 34 -> ( 442 & 472 ) 
im 35 -> ( 442 & 473 ) 
im 36 -> ( 442 & 474 ) 
im 37 -> ( 442 & 475 ) 
im 38 -> ( 442 & 476 ) 
im 39 -> ( 442 & 477 ) 
im 40 -> ( 442 & 478 ) 
im 41 -> ( 442 & 479 ) 
im 42 -> ( 442 & 480 ) 
im 43 -> ( 442 & 481 ) 
im 44 -> ( 442 & 482 ) 
im 45 -> ( 443 & 461 ) 
im 46 -> ( 443 & 462 ) 
im 47 -> ( 443 & 463 ) 
im 48 -> ( 443 & 464 ) 
im 49 -> ( 443 & 465 ) 
im 50 -> ( 443 & 466 ) 
im 51 -> ( 443 & 467 ) 
im 52 -> ( 443 & 468 ) 
im 53 -> ( 443 & 469 ) 
im 54 -> ( 443 & 470 ) 
im 55 -> ( 443 & 471 ) 
im 56 -> ( 443 & 472 ) 
im 57 -> ( 443 & 473 ) 
im 58 -> ( 443 & 474 ) 
im 59 -> ( 443 & 475 ) 
im 60 -> ( 443 & 476 ) 
im 61 -> ( 443 & 477 ) 
im 62 -> ( 443 & 478 ) 
im 63 -> ( 443 & 479 ) 
im 64 -> ( 443 & 480 ) 
im 65 -> ( 443 & 481 ) 
im 66 -> ( 443 & 482 ) 
im 67 -> ( 444 & 461 ) 
im 68 -> ( 444 & 462 ) 
im 69 -> ( 444 & 463 ) 
im 70 -> ( 444 & 464 ) 
im 71 -> ( 444 & 465 ) 
im 72 -> ( 444 & 466 ) 
im 73 -> ( 444 & 467 ) 
im 74 -> ( 444 & 468 ) 
im 75 -> ( 444 & 469 ) 
im 76 -> ( 444 & 470 ) 
im 77 -> ( 444 & 471 ) 
im 78 -> ( 444 & 472 ) 
im 79 -> ( 444 & 473 ) 
im 80 -> ( 444 & 474 ) 
im 81 -> ( 444 & 475 ) 
im 82 -> ( 444 & 476 ) 
im 83 -> ( 444 & 477 ) 
im 84 -> ( 444 & 478 ) 
im 85 -> ( 444 & 479 ) 
im 86 -> ( 444 & 480 ) 
im 87 -> ( 444 & 481 ) 
im 88 -> ( 444 & 482 ) 
im 89 -> ( 445 & 461 ) 
im 90 -> ( 445 & 462 ) 
im 91 -> ( 445 & 463 ) 
im 92 -> ( 445 & 464 ) 
im 93 -> ( 445 & 465 ) 
im 94 -> ( 445 & 466 ) 
im 95 -> ( 445 & 467 ) 
im 96 -> ( 445 & 468 ) 
im 97 -> ( 445 & 469 ) 
im 98 -> ( 445 & 470 ) 
im 99 -> ( 445 & 471 ) 
im 100 -> ( 445 & 472 ) 
im 101 -> ( 445 & 473 ) 
im 102 -> ( 445 & 474 ) 
im 103 -> ( 445 & 475 ) 
im 104 -> ( 445 & 476 ) 
im 105 -> ( 445 & 477 ) 
im 106 -> ( 445 & 478 ) 
im 107 -> ( 445 & 479 ) 
im 108 -> ( 445 & 480 ) 
im 109 -> ( 445 & 481 ) 
im 110 -> ( 445 & 482 ) 
im 111 -> ( 446 & 461 ) 
im 112 -> ( 446 & 462 ) 
im 113 -> ( 446 & 463 ) 
im 114 -> ( 446 & 464 ) 
im 115 -> ( 446 & 465 ) 
im 116 -> ( 446 & 466 ) 
im 117 -> ( 446 & 467 ) 
im 118 -> ( 446 & 468 ) 
im 119 -> ( 446 & 469 ) 
im 120 -> ( 446 & 470 ) 
im 121 -> ( 446 & 471 ) 
im 122 -> ( 446 & 472 ) 
im 123 -> ( 446 & 473 ) 
im 124 -> ( 446 & 474 ) 
im 125 -> ( 446 & 475 ) 
im 126 -> ( 446 & 476 ) 
im 127 -> ( 446 & 477 ) 
im 128 -> ( 446 & 478 ) 
im 129 -> ( 446 & 479 ) 
im 130 -> ( 446 & 480 ) 
im 131 -> ( 446 & 481 ) 
im 132 -> ( 446 & 482 ) 
im 133 -> ( 447 & 461 ) 
im 134 -> ( 447 & 462 ) 
im 135 -> ( 447 & 463 ) 
im 136 -> ( 447 & 464 ) 
im 137 -> ( 447 & 465 ) 
im 138 -> ( 447 & 466 ) 
im 139 -> ( 447 & 467 ) 
im 140 -> ( 447 & 468 ) 
im 141 -> ( 447 & 469 ) 
im 142 -> ( 447 & 470 ) 
im 143 -> ( 447 & 471 ) 
im 144 -> ( 447 & 472 ) 
im 145 -> ( 447 & 473 ) 
im 146 -> ( 447 & 474 ) 
im 147 -> ( 447 & 475 ) 
im 148 -> ( 447 & 476 ) 
im 149 -> ( 447 & 477 ) 
im 150 -> ( 447 & 478 ) 
im 151 -> ( 447 & 479 ) 
im 152 -> ( 447 & 480 ) 
im 153 -> ( 447 & 481 ) 
im 154 -> ( 447 & 482 ) 
im 155 -> ( 448 & 461 ) 
im 156 -> ( 448 & 462 ) 
im 157 -> ( 448 & 463 ) 
im 158 -> ( 448 & 464 ) 
im 159 -> ( 448 & 465 ) 
im 160 -> ( 448 & 466 ) 
im 161 -> ( 448 & 467 ) 
im 162 -> ( 448 & 468 ) 
im 163 -> ( 448 & 469 ) 
im 164 -> ( 448 & 470 ) 
im 165 -> ( 448 & 471 ) 
im 166 -> ( 448 & 472 ) 
im 167 -> ( 448 & 473 ) 
im 168 -> ( 448 & 474 ) 
im 169 -> ( 448 & 475 ) 
im 170 -> ( 448 & 476 ) 
im 171 -> ( 448 & 477 ) 
im 172 -> ( 448 & 478 ) 
im 173 -> ( 448 & 479 ) 
im 174 -> ( 448 & 480 ) 
im 175 -> ( 448 & 481 ) 
im 176 -> ( 448 & 482 ) 
im 177 -> ( 449 & 461 ) 
im 178 -> ( 449 & 462 ) 
im 179 -> ( 449 & 463 ) 
im 180 -> ( 449 & 464 ) 
im 181 -> ( 449 & 465 ) 
im 182 -> ( 449 & 466 ) 
im 183 -> ( 449 & 467 ) 
im 184 -> ( 449 & 468 ) 
im 185 -> ( 449 & 469 ) 
im 186 -> ( 449 & 470 ) 
im 187 -> ( 449 & 471 ) 
im 188 -> ( 449 & 472 ) 
im 189 -> ( 449 & 473 ) 
im 190 -> ( 449 & 474 ) 
im 191 -> ( 449 & 475 ) 
im 192 -> ( 449 & 476 ) 
im 193 -> ( 449 & 477 ) 
im 194 -> ( 449 & 478 ) 
im 195 -> ( 449 & 479 ) 
im 196 -> ( 449 & 480 ) 
im 197 -> ( 449 & 481 ) 
im 198 -> ( 449 & 482 ) 
im 199 -> ( 450 & 461 ) 
im 200 -> ( 450 & 462 ) 
im 201 -> ( 450 & 463 ) 
im 202 -> ( 450 & 464 ) 
im 203 -> ( 450 & 465 ) 
im 204 -> ( 450 & 466 ) 
im 205 -> ( 450 & 467 ) 
im 206 -> ( 450 & 468 ) 
im 207 -> ( 450 & 469 ) 
im 208 -> ( 450 & 470 ) 
im 209 -> ( 450 & 471 ) 
im 210 -> ( 450 & 472 ) 
im 211 -> ( 450 & 473 ) 
im 212 -> ( 450 & 474 ) 
im 213 -> ( 450 & 475 ) 
im 214 -> ( 450 & 476 ) 
im 215 -> ( 450 & 477 ) 
im 216 -> ( 450 & 478 ) 
im 217 -> ( 450 & 479 ) 
im 218 -> ( 450 & 480 ) 
im 219 -> ( 450 & 481 ) 
im 220 -> ( 450 & 482 ) 
im 221 -> ( 451 & 461 ) 
im 222 -> ( 451 & 462 ) 
im 223 -> ( 451 & 463 ) 
im 224 -> ( 451 & 464 ) 
im 225 -> ( 451 & 465 ) 
im 226 -> ( 451 & 466 ) 
im 227 -> ( 451 & 467 ) 
im 228 -> ( 451 & 468 ) 
im 229 -> ( 451 & 469 ) 
im 230 -> ( 451 & 470 ) 
im 231 -> ( 451 & 471 ) 
im 232 -> ( 451 & 472 ) 
im 233 -> ( 451 & 473 ) 
im 234 -> ( 451 & 474 ) 
im 235 -> ( 451 & 475 ) 
im 236 -> ( 451 & 476 ) 
im 237 -> ( 451 & 477 ) 
im 238 -> ( 451 & 478 ) 
im 239 -> ( 451 & 479 ) 
im 240 -> ( 451 & 480 ) 
im 241 -> ( 451 & 481 ) 
im 242 -> ( 451 & 482 ) 
im 243 -> ( 452 & 461 ) 
im 244 -> ( 452 & 462 ) 
im 245 -> ( 452 & 463 ) 
im 246 -> ( 452 & 464 ) 
im 247 -> ( 452 & 465 ) 
im 248 -> ( 452 & 466 ) 
im 249 -> ( 452 & 467 ) 
im 250 -> ( 452 & 468 ) 
im 251 -> ( 452 & 469 ) 
im 252 -> ( 452 & 470 ) 
im 253 -> ( 452 & 471 ) 
im 254 -> ( 452 & 472 ) 
im 255 -> ( 452 & 473 ) 
im 256 -> ( 452 & 474 ) 
im 257 -> ( 452 & 475 ) 
im 258 -> ( 452 & 476 ) 
im 259 -> ( 452 & 477 ) 
im 260 -> ( 452 & 478 ) 
im 261 -> ( 452 & 479 ) 
im 262 -> ( 452 & 480 ) 
im 263 -> ( 452 & 481 ) 
im 264 -> ( 452 & 482 ) 
im 265 -> ( 453 & 461 ) 
im 266 -> ( 453 & 462 ) 
im 267 -> ( 453 & 463 ) 
im 268 -> ( 453 & 464 ) 
im 269 -> ( 453 & 465 ) 
im 270 -> ( 453 & 466 ) 
im 271 -> ( 453 & 467 ) 
im 272 -> ( 453 & 468 ) 
im 273 -> ( 453 & 469 ) 
im 274 -> ( 453 & 470 ) 
im 275 -> ( 453 & 471 ) 
im 276 -> ( 453 & 472 ) 
im 277 -> ( 453 & 473 ) 
im 278 -> ( 453 & 474 ) 
im 279 -> ( 453 & 475 ) 
im 280 -> ( 453 & 476 ) 
im 281 -> ( 453 & 477 ) 
im 282 -> ( 453 & 478 ) 
im 283 -> ( 453 & 479 ) 
im 284 -> ( 453 & 480 ) 
im 285 -> ( 453 & 481 ) 
im 286 -> ( 453 & 482 ) 
im 287 -> ( 454 & 461 ) 
im 288 -> ( 454 & 462 ) 
im 289 -> ( 454 & 463 ) 
im 290 -> ( 454 & 464 ) 
im 291 -> ( 454 & 465 ) 
im 292 -> ( 454 & 466 ) 
im 293 -> ( 454 & 467 ) 
im 294 -> ( 454 & 468 ) 
im 295 -> ( 454 & 469 ) 
im 296 -> ( 454 & 470 ) 
im 297 -> ( 454 & 471 ) 
im 298 -> ( 454 & 472 ) 
im 299 -> ( 454 & 473 ) 
im 300 -> ( 454 & 474 ) 
im 301 -> ( 454 & 475 ) 
im 302 -> ( 454 & 476 ) 
im 303 -> ( 454 & 477 ) 
im 304 -> ( 454 & 478 ) 
im 305 -> ( 454 & 479 ) 
im 306 -> ( 454 & 480 ) 
im 307 -> ( 454 & 481 ) 
im 308 -> ( 454 & 482 ) 
im 309 -> ( 455 & 461 ) 
im 310 -> ( 455 & 462 ) 
im 311 -> ( 455 & 463 ) 
im 312 -> ( 455 & 464 ) 
im 313 -> ( 455 & 465 ) 
im 314 -> ( 455 & 466 ) 
im 315 -> ( 455 & 467 ) 
im 316 -> ( 455 & 468 ) 
im 317 -> ( 455 & 469 ) 
im 318 -> ( 455 & 470 ) 
im 319 -> ( 455 & 471 ) 
im 320 -> ( 455 & 472 ) 
im 321 -> ( 455 & 473 ) 
im 322 -> ( 455 & 474 ) 
im 323 -> ( 455 & 475 ) 
im 324 -> ( 455 & 476 ) 
im 325 -> ( 455 & 477 ) 
im 326 -> ( 455 & 478 ) 
im 327 -> ( 455 & 479 ) 
im 328 -> ( 455 & 480 ) 
im 329 -> ( 455 & 481 ) 
im 330 -> ( 455 & 482 ) 
im 331 -> ( 456 & 461 ) 
im 332 -> ( 456 & 462 ) 
im 333 -> ( 456 & 463 ) 
im 334 -> ( 456 & 464 ) 
im 335 -> ( 456 & 465 ) 
im 336 -> ( 456 & 466 ) 
im 337 -> ( 456 & 467 ) 
im 338 -> ( 456 & 468 ) 
im 339 -> ( 456 & 469 ) 
im 340 -> ( 456 & 470 ) 
im 341 -> ( 456 & 471 ) 
im 342 -> ( 456 & 472 ) 
im 343 -> ( 456 & 473 ) 
im 344 -> ( 456 & 474 ) 
im 345 -> ( 456 & 475 ) 
im 346 -> ( 456 & 476 ) 
im 347 -> ( 456 & 477 ) 
im 348 -> ( 456 & 478 ) 
im 349 -> ( 456 & 479 ) 
im 350 -> ( 456 & 480 ) 
im 351 -> ( 456 & 481 ) 
im 352 -> ( 456 & 482 ) 
im 353 -> ( 457 & 461 ) 
im 354 -> ( 457 & 462 ) 
im 355 -> ( 457 & 463 ) 
im 356 -> ( 457 & 464 ) 
im 357 -> ( 457 & 465 ) 
im 358 -> ( 457 & 466 ) 
im 359 -> ( 457 & 467 ) 
im 360 -> ( 457 & 468 ) 
im 361 -> ( 457 & 469 ) 
im 362 -> ( 457 & 470 ) 
im 363 -> ( 457 & 471 ) 
im 364 -> ( 457 & 472 ) 
im 365 -> ( 457 & 473 ) 
im 366 -> ( 457 & 474 ) 
im 367 -> ( 457 & 475 ) 
im 368 -> ( 457 & 476 ) 
im 369 -> ( 457 & 477 ) 
im 370 -> ( 457 & 478 ) 
im 371 -> ( 457 & 479 ) 
im 372 -> ( 457 & 480 ) 
im 373 -> ( 457 & 481 ) 
im 374 -> ( 457 & 482 ) 
im 375 -> ( 458 & 461 ) 
im 376 -> ( 458 & 462 ) 
im 377 -> ( 458 & 463 ) 
im 378 -> ( 458 & 464 ) 
im 379 -> ( 458 & 465 ) 
im 380 -> ( 458 & 466 ) 
im 381 -> ( 458 & 467 ) 
im 382 -> ( 458 & 468 ) 
im 383 -> ( 458 & 469 ) 
im 384 -> ( 458 & 470 ) 
im 385 -> ( 458 & 471 ) 
im 386 -> ( 458 & 472 ) 
im 387 -> ( 458 & 473 ) 
im 388 -> ( 458 & 474 ) 
im 389 -> ( 458 & 475 ) 
im 390 -> ( 458 & 476 ) 
im 391 -> ( 458 & 477 ) 
im 392 -> ( 458 & 478 ) 
im 393 -> ( 458 & 479 ) 
im 394 -> ( 458 & 480 ) 
im 395 -> ( 458 & 481 ) 
im 396 -> ( 458 & 482 ) 
im 397 -> ( 459 & 461 ) 
im 398 -> ( 459 & 462 ) 
im 399 -> ( 459 & 463 ) 
im 400 -> ( 459 & 464 ) 
im 401 -> ( 459 & 465 ) 
im 402 -> ( 459 & 466 ) 
im 403 -> ( 459 & 467 ) 
im 404 -> ( 459 & 468 ) 
im 405 -> ( 459 & 469 ) 
im 406 -> ( 459 & 470 ) 
im 407 -> ( 459 & 471 ) 
im 408 -> ( 459 & 472 ) 
im 409 -> ( 459 & 473 ) 
im 410 -> ( 459 & 474 ) 
im 411 -> ( 459 & 475 ) 
im 412 -> ( 459 & 476 ) 
im 413 -> ( 459 & 477 ) 
im 414 -> ( 459 & 478 ) 
im 415 -> ( 459 & 479 ) 
im 416 -> ( 459 & 480 ) 
im 417 -> ( 459 & 481 ) 
im 418 -> ( 459 & 482 ) 
im 419 -> ( 460 & 461 ) 
im 420 -> ( 460 & 462 ) 
im 421 -> ( 460 & 463 ) 
im 422 -> ( 460 & 464 ) 
im 423 -> ( 460 & 465 ) 
im 424 -> ( 460 & 466 ) 
im 425 -> ( 460 & 467 ) 
im 426 -> ( 460 & 468 ) 
im 427 -> ( 460 & 469 ) 
im 428 -> ( 460 & 470 ) 
im 429 -> ( 460 & 471 ) 
im 430 -> ( 460 & 472 ) 
im 431 -> ( 460 & 473 ) 
im 432 -> ( 460 & 474 ) 
im 433 -> ( 460 & 475 ) 
im 434 -> ( 460 & 476 ) 
im 435 -> ( 460 & 477 ) 
im 436 -> ( 460 & 478 ) 
im 437 -> ( 460 & 479 ) 
im 438 -> ( 460 & 480 ) 
im 439 -> ( 460 & 481 ) 
im 440 -> ( 460 & 482 ) 
c exact-one edges for PM
eo 1 2 3 4 5 6 7 8 9 10 11 12 13 14 15 16 17 18 19 20 21 22 
eo 23 24 25 26 27 28 29 30 31 32 33 34 35 36 37 38 39 40 41 42 43 44 
eo 45 46 47 48 49 50 51 52 53 54 55 56 57 58 59 60 61 62 63 64 65 66 
eo 67 68 69 70 71 72 73 74 75 76 77 78 79 80 81 82 83 84 85 86 87 88 
eo 89 90 91 92 93 94 95 96 97 98 99 100 101 102 103 104 105 106 107 108 109 110 
eo 111 112 113 114 115 116 117 118 119 120 121 122 123 124 125 126 127 128 129 130 131 132 
eo 133 134 135 136 137 138 139 140 141 142 143 144 145 146 147 148 149 150 151 152 153 154 
eo 155 156 157 158 159 160 161 162 163 164 165 166 167 168 169 170 171 172 173 174 175 176 
eo 177 178 179 180 181 182 183 184 185 186 187 188 189 190 191 192 193 194 195 196 197 198 
eo 199 200 201 202 203 204 205 206 207 208 209 210 211 212 213 214 215 216 217 218 219 220 
eo 221 222 223 224 225 226 227 228 229 230 231 232 233 234 235 236 237 238 239 240 241 242 
eo 243 244 245 246 247 248 249 250 251 252 253 254 255 256 257 258 259 260 261 262 263 264 
eo 265 266 267 268 269 270 271 272 273 274 275 276 277 278 279 280 281 282 283 284 285 286 
eo 287 288 289 290 291 292 293 294 295 296 297 298 299 300 301 302 303 304 305 306 307 308 
eo 309 310 311 312 313 314 315 316 317 318 319 320 321 322 323 324 325 326 327 328 329 330 
eo 331 332 333 334 335 336 337 338 339 340 341 342 343 344 345 346 347 348 349 350 351 352 
eo 353 354 355 356 357 358 359 360 361 362 363 364 365 366 367 368 369 370 371 372 373 374 
eo 375 376 377 378 379 380 381 382 383 384 385 386 387 388 389 390 391 392 393 394 395 396 
eo 397 398 399 400 401 402 403 404 405 406 407 408 409 410 411 412 413 414 415 416 417 418 
eo 419 420 421 422 423 424 425 426 427 428 429 430 431 432 433 434 435 436 437 438 439 440 
eo 1 23 45 67 89 111 133 155 177 199 221 243 265 287 309 331 353 375 397 419 
eo 2 24 46 68 90 112 134 156 178 200 222 244 266 288 310 332 354 376 398 420 
eo 3 25 47 69 91 113 135 157 179 201 223 245 267 289 311 333 355 377 399 421 
eo 4 26 48 70 92 114 136 158 180 202 224 246 268 290 312 334 356 378 400 422 
eo 5 27 49 71 93 115 137 159 181 203 225 247 269 291 313 335 357 379 401 423 
eo 6 28 50 72 94 116 138 160 182 204 226 248 270 292 314 336 358 380 402 424 
eo 7 29 51 73 95 117 139 161 183 205 227 249 271 293 315 337 359 381 403 425 
eo 8 30 52 74 96 118 140 162 184 206 228 250 272 294 316 338 360 382 404 426 
eo 9 31 53 75 97 119 141 163 185 207 229 251 273 295 317 339 361 383 405 427 
eo 10 32 54 76 98 120 142 164 186 208 230 252 274 296 318 340 362 384 406 428 
eo 11 33 55 77 99 121 143 165 187 209 231 253 275 297 319 341 363 385 407 429 
eo 12 34 56 78 100 122 144 166 188 210 232 254 276 298 320 342 364 386 408 430 
eo 13 35 57 79 101 123 145 167 189 211 233 255 277 299 321 343 365 387 409 431 
eo 14 36 58 80 102 124 146 168 190 212 234 256 278 300 322 344 366 388 410 432 
eo 15 37 59 81 103 125 147 169 191 213 235 257 279 301 323 345 367 389 411 433 
eo 16 38 60 82 104 126 148 170 192 214 236 258 280 302 324 346 368 390 412 434 
eo 17 39 61 83 105 127 149 171 193 215 237 259 281 303 325 347 369 391 413 435 
eo 18 40 62 84 106 128 150 172 194 216 238 260 282 304 326 348 370 392 414 436 
eo 19 41 63 85 107 129 151 173 195 217 239 261 283 305 327 349 371 393 415 437 
eo 20 42 64 86 108 130 152 174 196 218 240 262 284 306 328 350 372 394 416 438 
eo 21 43 65 87 109 131 153 175 197 219 241 263 285 307 329 351 373 395 417 439 
eo 22 44 66 88 110 132 154 176 198 220 242 264 286 308 330 352 374 396 418 440 
c exact-one for ad-hoc color of each vertex
eo 441 
eo 442 
eo 443 
eo 444 
eo 445 
eo 446 
eo 447 
eo 448 
eo 449 
eo 450 
eo 451 
eo 452 
eo 453 
eo 454 
eo 455 
eo 456 
eo 457 
eo 458 
eo 459 
eo 460 
eo 461 
eo 462 
eo 463 
eo 464 
eo 465 
eo 466 
eo 467 
eo 468 
eo 469 
eo 470 
eo 471 
eo 472 
eo 473 
eo 474 
eo 475 
eo 476 
eo 477 
eo 478 
eo 479 
eo 480 
eo 481 
eo 482 
co 441 442 443 444 445 446 447 448 449 450 451 452 453 454 455 456 457 458 459 460 461 462 463 464 465 466 467 468 469 470 471 472 473 474 475 476 477 478 479 480 481 482 
