c color constraints
im 1 -> ( 307 & 324 ) 
im 2 -> ( 307 & 325 ) 
im 3 -> ( 307 & 326 ) 
im 4 -> ( 307 & 327 ) 
im 5 -> ( 307 & 328 ) 
im 6 -> ( 307 & 329 ) 
im 7 -> ( 307 & 330 ) 
im 8 -> ( 307 & 331 ) 
im 9 -> ( 307 & 332 ) 
im 10 -> ( 307 & 333 ) 
im 11 -> ( 307 & 334 ) 
im 12 -> ( 307 & 335 ) 
im 13 -> ( 307 & 336 ) 
im 14 -> ( 307 & 337 ) 
im 15 -> ( 307 & 338 ) 
im 16 -> ( 307 & 339 ) 
im 17 -> ( 307 & 340 ) 
im 18 -> ( 307 & 341 ) 
im 19 -> ( 308 & 324 ) 
im 20 -> ( 308 & 325 ) 
im 21 -> ( 308 & 326 ) 
im 22 -> ( 308 & 327 ) 
im 23 -> ( 308 & 328 ) 
im 24 -> ( 308 & 329 ) 
im 25 -> ( 308 & 330 ) 
im 26 -> ( 308 & 331 ) 
im 27 -> ( 308 & 332 ) 
im 28 -> ( 308 & 333 ) 
im 29 -> ( 308 & 334 ) 
im 30 -> ( 308 & 335 ) 
im 31 -> ( 308 & 336 ) 
im 32 -> ( 308 & 337 ) 
im 33 -> ( 308 & 338 ) 
im 34 -> ( 308 & 339 ) 
im 35 -> ( 308 & 340 ) 
im 36 -> ( 308 & 341 ) 
im 37 -> ( 309 & 324 ) 
im 38 -> ( 309 & 325 ) 
im 39 -> ( 309 & 326 ) 
im 40 -> ( 309 & 327 ) 
im 41 -> ( 309 & 328 ) 
im 42 -> ( 309 & 329 ) 
im 43 -> ( 309 & 330 ) 
im 44 -> ( 309 & 331 ) 
im 45 -> ( 309 & 332 ) 
im 46 -> ( 309 & 333 ) 
im 47 -> ( 309 & 334 ) 
im 48 -> ( 309 & 335 ) 
im 49 -> ( 309 & 336 ) 
im 50 -> ( 309 & 337 ) 
im 51 -> ( 309 & 338 ) 
im 52 -> ( 309 & 339 ) 
im 53 -> ( 309 & 340 ) 
im 54 -> ( 309 & 341 ) 
im 55 -> ( 310 & 324 ) 
im 56 -> ( 310 & 325 ) 
im 57 -> ( 310 & 326 ) 
im 58 -> ( 310 & 327 ) 
im 59 -> ( 310 & 328 ) 
im 60 -> ( 310 & 329 ) 
im 61 -> ( 310 & 330 ) 
im 62 -> ( 310 & 331 ) 
im 63 -> ( 310 & 332 ) 
im 64 -> ( 310 & 333 ) 
im 65 -> ( 310 & 334 ) 
im 66 -> ( 310 & 335 ) 
im 67 -> ( 310 & 336 ) 
im 68 -> ( 310 & 337 ) 
im 69 -> ( 310 & 338 ) 
im 70 -> ( 310 & 339 ) 
im 71 -> ( 310 & 340 ) 
im 72 -> ( 310 & 341 ) 
im 73 -> ( 311 & 324 ) 
im 74 -> ( 311 & 325 ) 
im 75 -> ( 311 & 326 ) 
im 76 -> ( 311 & 327 ) 
im 77 -> ( 311 & 328 ) 
im 78 -> ( 311 & 329 ) 
im 79 -> ( 311 & 330 ) 
im 80 -> ( 311 & 331 ) 
im 81 -> ( 311 & 332 ) 
im 82 -> ( 311 & 333 ) 
im 83 -> ( 311 & 334 ) 
im 84 -> ( 311 & 335 ) 
im 85 -> ( 311 & 336 ) 
im 86 -> ( 311 & 337 ) 
im 87 -> ( 311 & 338 ) 
im 88 -> ( 311 & 339 ) 
im 89 -> ( 311 & 340 ) 
im 90 -> ( 311 & 341 ) 
im 91 -> ( 312 & 324 ) 
im 92 -> ( 312 & 325 ) 
im 93 -> ( 312 & 326 ) 
im 94 -> ( 312 & 327 ) 
im 95 -> ( 312 & 328 ) 
im 96 -> ( 312 & 329 ) 
im 97 -> ( 312 & 330 ) 
im 98 -> ( 312 & 331 ) 
im 99 -> ( 312 & 332 ) 
im 100 -> ( 312 & 333 ) 
im 101 -> ( 312 & 334 ) 
im 102 -> ( 312 & 335 ) 
im 103 -> ( 312 & 336 ) 
im 104 -> ( 312 & 337 ) 
im 105 -> ( 312 & 338 ) 
im 106 -> ( 312 & 339 ) 
im 107 -> ( 312 & 340 ) 
im 108 -> ( 312 & 341 ) 
im 109 -> ( 313 & 324 ) 
im 110 -> ( 313 & 325 ) 
im 111 -> ( 313 & 326 ) 
im 112 -> ( 313 & 327 ) 
im 113 -> ( 313 & 328 ) 
im 114 -> ( 313 & 329 ) 
im 115 -> ( 313 & 330 ) 
im 116 -> ( 313 & 331 ) 
im 117 -> ( 313 & 332 ) 
im 118 -> ( 313 & 333 ) 
im 119 -> ( 313 & 334 ) 
im 120 -> ( 313 & 335 ) 
im 121 -> ( 313 & 336 ) 
im 122 -> ( 313 & 337 ) 
im 123 -> ( 313 & 338 ) 
im 124 -> ( 313 & 339 ) 
im 125 -> ( 313 & 340 ) 
im 126 -> ( 313 & 341 ) 
im 127 -> ( 314 & 324 ) 
im 128 -> ( 314 & 325 ) 
im 129 -> ( 314 & 326 ) 
im 130 -> ( 314 & 327 ) 
im 131 -> ( 314 & 328 ) 
im 132 -> ( 314 & 329 ) 
im 133 -> ( 314 & 330 ) 
im 134 -> ( 314 & 331 ) 
im 135 -> ( 314 & 332 ) 
im 136 -> ( 314 & 333 ) 
im 137 -> ( 314 & 334 ) 
im 138 -> ( 314 & 335 ) 
im 139 -> ( 314 & 336 ) 
im 140 -> ( 314 & 337 ) 
im 141 -> ( 314 & 338 ) 
im 142 -> ( 314 & 339 ) 
im 143 -> ( 314 & 340 ) 
im 144 -> ( 314 & 341 ) 
im 145 -> ( 315 & 324 ) 
im 146 -> ( 315 & 325 ) 
im 147 -> ( 315 & 326 ) 
im 148 -> ( 315 & 327 ) 
im 149 -> ( 315 & 328 ) 
im 150 -> ( 315 & 329 ) 
im 151 -> ( 315 & 330 ) 
im 152 -> ( 315 & 331 ) 
im 153 -> ( 315 & 332 ) 
im 154 -> ( 315 & 333 ) 
im 155 -> ( 315 & 334 ) 
im 156 -> ( 315 & 335 ) 
im 157 -> ( 315 & 336 ) 
im 158 -> ( 315 & 337 ) 
im 159 -> ( 315 & 338 ) 
im 160 -> ( 315 & 339 ) 
im 161 -> ( 315 & 340 ) 
im 162 -> ( 315 & 341 ) 
im 163 -> ( 316 & 324 ) 
im 164 -> ( 316 & 325 ) 
im 165 -> ( 316 & 326 ) 
im 166 -> ( 316 & 327 ) 
im 167 -> ( 316 & 328 ) 
im 168 -> ( 316 & 329 ) 
im 169 -> ( 316 & 330 ) 
im 170 -> ( 316 & 331 ) 
im 171 -> ( 316 & 332 ) 
im 172 -> ( 316 & 333 ) 
im 173 -> ( 316 & 334 ) 
im 174 -> ( 316 & 335 ) 
im 175 -> ( 316 & 336 ) 
im 176 -> ( 316 & 337 ) 
im 177 -> ( 316 & 338 ) 
im 178 -> ( 316 & 339 ) 
im 179 -> ( 316 & 340 ) 
im 180 -> ( 316 & 341 ) 
im 181 -> ( 317 & 324 ) 
im 182 -> ( 317 & 325 ) 
im 183 -> ( 317 & 326 ) 
im 184 -> ( 317 & 327 ) 
im 185 -> ( 317 & 328 ) 
im 186 -> ( 317 & 329 ) 
im 187 -> ( 317 & 330 ) 
im 188 -> ( 317 & 331 ) 
im 189 -> ( 317 & 332 ) 
im 190 -> ( 317 & 333 ) 
im 191 -> ( 317 & 334 ) 
im 192 -> ( 317 & 335 ) 
im 193 -> ( 317 & 336 ) 
im 194 -> ( 317 & 337 ) 
im 195 -> ( 317 & 338 ) 
im 196 -> ( 317 & 339 ) 
im 197 -> ( 317 & 340 ) 
im 198 -> ( 317 & 341 ) 
im 199 -> ( 318 & 324 ) 
im 200 -> ( 318 & 325 ) 
im 201 -> ( 318 & 326 ) 
im 202 -> ( 318 & 327 ) 
im 203 -> ( 318 & 328 ) 
im 204 -> ( 318 & 329 ) 
im 205 -> ( 318 & 330 ) 
im 206 -> ( 318 & 331 ) 
im 207 -> ( 318 & 332 ) 
im 208 -> ( 318 & 333 ) 
im 209 -> ( 318 & 334 ) 
im 210 -> ( 318 & 335 ) 
im 211 -> ( 318 & 336 ) 
im 212 -> ( 318 & 337 ) 
im 213 -> ( 318 & 338 ) 
im 214 -> ( 318 & 339 ) 
im 215 -> ( 318 & 340 ) 
im 216 -> ( 318 & 341 ) 
im 217 -> ( 319 & 324 ) 
im 218 -> ( 319 & 325 ) 
im 219 -> ( 319 & 326 ) 
im 220 -> ( 319 & 327 ) 
im 221 -> ( 319 & 328 ) 
im 222 -> ( 319 & 329 ) 
im 223 -> ( 319 & 330 ) 
im 224 -> ( 319 & 331 ) 
im 225 -> ( 319 & 332 ) 
im 226 -> ( 319 & 333 ) 
im 227 -> ( 319 & 334 ) 
im 228 -> ( 319 & 335 ) 
im 229 -> ( 319 & 336 ) 
im 230 -> ( 319 & 337 ) 
im 231 -> ( 319 & 338 ) 
im 232 -> ( 319 & 339 ) 
im 233 -> ( 319 & 340 ) 
im 234 -> ( 319 & 341 ) 
im 235 -> ( 320 & 324 ) 
im 236 -> ( 320 & 325 ) 
im 237 -> ( 320 & 326 ) 
im 238 -> ( 320 & 327 ) 
im 239 -> ( 320 & 328 ) 
im 240 -> ( 320 & 329 ) 
im 241 -> ( 320 & 330 ) 
im 242 -> ( 320 & 331 ) 
im 243 -> ( 320 & 332 ) 
im 244 -> ( 320 & 333 ) 
im 245 -> ( 320 & 334 ) 
im 246 -> ( 320 & 335 ) 
im 247 -> ( 320 & 336 ) 
im 248 -> ( 320 & 337 ) 
im 249 -> ( 320 & 338 ) 
im 250 -> ( 320 & 339 ) 
im 251 -> ( 320 & 340 ) 
im 252 -> ( 320 & 341 ) 
im 253 -> ( 321 & 324 ) 
im 254 -> ( 321 & 325 ) 
im 255 -> ( 321 & 326 ) 
im 256 -> ( 321 & 327 ) 
im 257 -> ( 321 & 328 ) 
im 258 -> ( 321 & 329 ) 
im 259 -> ( 321 & 330 ) 
im 260 -> ( 321 & 331 ) 
im 261 -> ( 321 & 332 ) 
im 262 -> ( 321 & 333 ) 
im 263 -> ( 321 & 334 ) 
im 264 -> ( 321 & 335 ) 
im 265 -> ( 321 & 336 ) 
im 266 -> ( 321 & 337 ) 
im 267 -> ( 321 & 338 ) 
im 268 -> ( 321 & 339 ) 
im 269 -> ( 321 & 340 ) 
im 270 -> ( 321 & 341 ) 
im 271 -> ( 322 & 324 ) 
im 272 -> ( 322 & 325 ) 
im 273 -> ( 322 & 326 ) 
im 274 -> ( 322 & 327 ) 
im 275 -> ( 322 & 328 ) 
im 276 -> ( 322 & 329 ) 
im 277 -> ( 322 & 330 ) 
im 278 -> ( 322 & 331 ) 
im 279 -> ( 322 & 332 ) 
im 280 -> ( 322 & 333 ) 
im 281 -> ( 322 & 334 ) 
im 282 -> ( 322 & 335 ) 
im 283 -> ( 322 & 336 ) 
im 284 -> ( 322 & 337 ) 
im 285 -> ( 322 & 338 ) 
im 286 -> ( 322 & 339 ) 
im 287 -> ( 322 & 340 ) 
im 288 -> ( 322 & 341 ) 
im 289 -> ( 323 & 324 ) 
im 290 -> ( 323 & 325 ) 
im 291 -> ( 323 & 326 ) 
im 292 -> ( 323 & 327 ) 
im 293 -> ( 323 & 328 ) 
im 294 -> ( 323 & 329 ) 
im 295 -> ( 323 & 330 ) 
im 296 -> ( 323 & 331 ) 
im 297 -> ( 323 & 332 ) 
im 298 -> ( 323 & 333 ) 
im 299 -> ( 323 & 334 ) 
im 300 -> ( 323 & 335 ) 
im 301 -> ( 323 & 336 ) 
im 302 -> ( 323 & 337 ) 
im 303 -> ( 323 & 338 ) 
im 304 -> ( 323 & 339 ) 
im 305 -> ( 323 & 340 ) 
im 306 -> ( 323 & 341 ) 
c exact-one edges for PM
eo 1 2 3 4 5 6 7 8 9 10 11 12 13 14 15 16 17 18 
eo 19 20 21 22 23 24 25 26 27 28 29 30 31 32 33 34 35 36 
eo 37 38 39 40 41 42 43 44 45 46 47 48 49 50 51 52 53 54 
eo 55 56 57 58 59 60 61 62 63 64 65 66 67 68 69 70 71 72 
eo 73 74 75 76 77 78 79 80 81 82 83 84 85 86 87 88 89 90 
eo 91 92 93 94 95 96 97 98 99 100 101 102 103 104 105 106 107 108 
eo 109 110 111 112 113 114 115 116 117 118 119 120 121 122 123 124 125 126 
eo 127 128 129 130 131 132 133 134 135 136 137 138 139 140 141 142 143 144 
eo 145 146 147 148 149 150 151 152 153 154 155 156 157 158 159 160 161 162 
eo 163 164 165 166 167 168 169 170 171 172 173 174 175 176 177 178 179 180 
eo 181 182 183 184 185 186 187 188 189 190 191 192 193 194 195 196 197 198 
eo 199 200 201 202 203 204 205 206 207 208 209 210 211 212 213 214 215 216 
eo 217 218 219 220 221 222 223 224 225 226 227 228 229 230 231 232 233 234 
eo 235 236 237 238 239 240 241 242 243 244 245 246 247 248 249 250 251 252 
eo 253 254 255 256 257 258 259 260 261 262 263 264 265 266 267 268 269 270 
eo 271 272 273 274 275 276 277 278 279 280 281 282 283 284 285 286 287 288 
eo 289 290 291 292 293 294 295 296 297 298 299 300 301 302 303 304 305 306 
eo 1 19 37 55 73 91 109 127 145 163 181 199 217 235 253 271 289 
eo 2 20 38 56 74 92 110 128 146 164 182 200 218 236 254 272 290 
eo 3 21 39 57 75 93 111 129 147 165 183 201 219 237 255 273 291 
eo 4 22 40 58 76 94 112 130 148 166 184 202 220 238 256 274 292 
eo 5 23 41 59 77 95 113 131 149 167 185 203 221 239 257 275 293 
eo 6 24 42 60 78 96 114 132 150 168 186 204 222 240 258 276 294 
eo 7 25 43 61 79 97 115 133 151 169 187 205 223 241 259 277 295 
eo 8 26 44 62 80 98 116 134 152 170 188 206 224 242 260 278 296 
eo 9 27 45 63 81 99 117 135 153 171 189 207 225 243 261 279 297 
eo 10 28 46 64 82 100 118 136 154 172 190 208 226 244 262 280 298 
eo 11 29 47 65 83 101 119 137 155 173 191 209 227 245 263 281 299 
eo 12 30 48 66 84 102 120 138 156 174 192 210 228 246 264 282 300 
eo 13 31 49 67 85 103 121 139 157 175 193 211 229 247 265 283 301 
eo 14 32 50 68 86 104 122 140 158 176 194 212 230 248 266 284 302 
eo 15 33 51 69 87 105 123 141 159 177 195 213 231 249 267 285 303 
eo 16 34 52 70 88 106 124 142 160 178 196 214 232 250 268 286 304 
eo 17 35 53 71 89 107 125 143 161 179 197 215 233 251 269 287 305 
eo 18 36 54 72 90 108 126 144 162 180 198 216 234 252 270 288 306 
c exact-one for ad-hoc color of each vertex
eo 307 
eo 308 
eo 309 
eo 310 
eo 311 
eo 312 
eo 313 
eo 314 
eo 315 
eo 316 
eo 317 
eo 318 
eo 319 
eo 320 
eo 321 
eo 322 
eo 323 
eo 324 
eo 325 
eo 326 
eo 327 
eo 328 
eo 329 
eo 330 
eo 331 
eo 332 
eo 333 
eo 334 
eo 335 
eo 336 
eo 337 
eo 338 
eo 339 
eo 340 
eo 341 
co 307 308 309 310 311 312 313 314 315 316 317 318 319 320 321 322 323 324 325 326 327 328 329 330 331 332 333 334 335 336 337 338 339 340 341 
