c color constraints
im 1 -> ( 11 & 14 ) 
im 2 -> ( 10 & 16 ) 
im 3 -> ( 12 & 21 ) 
im 4 -> ( 15 & 24 ) 
im 5 -> ( 13 & 25 ) 
im 6 -> ( 17 & 20 ) 
im 7 -> ( 18 & 27 ) 
im 8 -> ( 19 & 22 ) 
im 9 -> ( 23 & 26 ) 
c exact-one edges for PM
eo 1 2 3 
eo 1 4 5 
eo 2 6 7 
eo 3 6 8 
eo 4 8 9 
eo 5 7 9 
c exact-one for ad-hoc color of each vertex
eo 10 11 12 
eo 13 14 15 
eo 16 17 18 
eo 19 20 21 
eo 22 23 24 
eo 25 26 27 
nae 10 13 16 19 22 25 
nae 11 14 17 20 23 26 
nae 12 15 18 21 24 27 
