c color constraints
im 1 -> ( 35 & 39 ) 
im 2 -> ( 35 & 43 ) 
im 3 -> ( 34 & 50 ) 
im 4 -> ( 36 & 60 ) 
im 5 -> ( 33 & 69 ) 
im 6 -> ( 34 & 70 ) 
im 7 -> ( 35 & 71 ) 
im 8 -> ( 36 & 72 ) 
im 9 -> ( 37 & 41 ) 
im 10 -> ( 40 & 52 ) 
im 11 -> ( 37 & 57 ) 
im 12 -> ( 40 & 68 ) 
im 13 -> ( 38 & 70 ) 
im 14 -> ( 39 & 71 ) 
im 15 -> ( 41 & 45 ) 
im 16 -> ( 44 & 48 ) 
im 17 -> ( 41 & 53 ) 
im 18 -> ( 42 & 54 ) 
im 19 -> ( 45 & 49 ) 
im 20 -> ( 47 & 51 ) 
im 21 -> ( 45 & 53 ) 
im 22 -> ( 48 & 56 ) 
im 23 -> ( 45 & 61 ) 
im 24 -> ( 46 & 62 ) 
im 25 -> ( 47 & 63 ) 
im 26 -> ( 49 & 53 ) 
im 27 -> ( 51 & 55 ) 
im 28 -> ( 52 & 64 ) 
im 29 -> ( 56 & 72 ) 
im 30 -> ( 57 & 65 ) 
im 31 -> ( 58 & 66 ) 
im 32 -> ( 59 & 67 ) 
c exact-one edges for PM
eo 1 2 3 4 5 6 7 8 
eo 1 9 10 11 12 13 14 
eo 2 9 15 16 17 18 
eo 15 16 19 20 21 22 23 24 25 
eo 3 10 19 20 26 27 28 
eo 17 18 21 22 26 27 29 
eo 4 11 30 31 32 
eo 23 24 25 28 
eo 12 30 31 32 
eo 5 6 7 8 13 14 29 
c exact-one for ad-hoc color of each vertex
eo 33 34 35 36 
eo 37 38 39 40 
eo 41 42 43 44 
eo 45 46 47 48 
eo 49 50 51 52 
eo 53 54 55 56 
eo 57 58 59 60 
eo 61 62 63 64 
eo 65 66 67 68 
eo 69 70 71 72 
nae 33 37 41 45 49 53 57 61 65 69 
nae 34 38 42 46 50 54 58 62 66 70 
nae 35 39 43 47 51 55 59 63 67 71 
nae 36 40 44 48 52 56 60 64 68 72 
